# Blender v2.79 (sub 0) OBJ File: ''
# www.blender.org
mtllib cubes2.mtl
o Cube_Cube.001
v -0.276005 0.392023 0.491045
v -0.276005 1.283385 0.491045
v -0.276005 0.392023 -0.400317
v -0.276005 1.283385 -0.400317
v 0.615357 0.392023 0.491045
v 0.615357 1.283385 0.491045
v 0.615357 0.392023 -0.400317
v 0.615357 1.283385 -0.400317
vn -1.0000 0.0000 0.0000
vn 0.0000 -0.0000 -1.0000
vn 1.0000 0.0000 0.0000
vn 0.0000 0.0000 1.0000
vn 0.0000 -1.0000 0.0000
vn 0.0000 1.0000 0.0000
usemtl None
s 1
f 1//1 2//1 4//1 3//1
f 3//2 4//2 8//2 7//2
f 7//3 8//3 6//3 5//3
f 5//4 6//4 2//4 1//4
f 3//5 7//5 5//5 1//5
f 8//6 4//6 2//6 6//6
o right_arm_Cube.003
v 0.424901 2.030732 1.522769
v 0.131758 2.536802 0.850098
v -0.268980 1.482197 1.412476
v -0.562123 1.988267 0.739804
v 0.901475 1.543363 0.948422
v 0.608333 2.049433 0.275750
v 0.207595 0.994828 0.838129
v -0.085548 1.500898 0.165457
vn -0.5347 0.5468 0.6443
vn -0.7784 -0.6154 -0.1237
vn 0.5347 -0.5468 -0.6443
vn 0.7784 0.6154 0.1237
vn 0.3289 -0.5677 0.7547
vn -0.3289 0.5677 -0.7547
usemtl None
s 1
f 9//7 10//7 12//7 11//7
f 11//8 12//8 16//8 15//8
f 15//9 16//9 14//9 13//9
f 13//10 14//10 10//10 9//10
f 11//11 15//11 13//11 9//11
f 16//12 12//12 10//12 14//12
o left_arm_Cube.002
v -0.364087 1.226059 -0.836177
v -0.501559 2.013931 -0.442622
v 0.080904 1.631934 -1.493273
v -0.056568 2.419806 -1.099718
v 0.395921 1.130928 -0.380254
v 0.258448 1.918800 0.013301
v 0.840912 1.536803 -1.037350
v 0.703439 2.324675 -0.643795
vn -0.8526 0.1067 -0.5115
vn 0.4992 0.4553 -0.7372
vn 0.8526 -0.1067 0.5115
vn -0.4992 -0.4553 0.7372
vn 0.1542 -0.8839 -0.4415
vn -0.1542 0.8839 0.4415
usemtl None
s 1
f 17//13 18//13 20//13 19//13
f 19//14 20//14 24//14 23//14
f 23//15 24//15 22//15 21//15
f 21//16 22//16 18//16 17//16
f 19//17 23//17 21//17 17//17
f 24//18 20//18 18//18 22//18
o left_elbow_Cube.004
v 0.206550 2.101692 -1.598260
v 0.161685 2.584913 -1.401677
v 0.435703 2.297200 -2.026541
v 0.390839 2.780421 -1.829958
v 0.675203 2.052355 -1.370028
v 0.630338 2.535576 -1.173445
v 0.904356 2.247863 -1.798309
v 0.859492 2.731084 -1.601726
vn -0.8951 0.0942 -0.4359
vn 0.4376 0.3734 -0.8180
vn 0.8951 -0.0942 0.4359
vn -0.4376 -0.3734 0.8180
vn 0.0857 -0.9229 -0.3754
vn -0.0857 0.9229 0.3754
usemtl None
s 1
f 25//19 26//19 28//19 27//19
f 27//20 28//20 32//20 31//20
f 31//21 32//21 30//21 29//21
f 29//22 30//22 26//22 25//22
f 27//23 31//23 29//23 25//23
f 32//24 28//24 26//24 30//24
o left_hand_Cube.005
v 0.674748 2.544958 -2.255710
v 0.650162 2.809766 -2.147981
v 0.800326 2.652098 -2.490411
v 0.775740 2.916907 -2.382682
v 0.931573 2.517921 -2.130637
v 0.906987 2.782729 -2.022907
v 1.057151 2.625061 -2.365338
v 1.032565 2.889869 -2.257609
vn -0.8951 0.0942 -0.4359
vn 0.4376 0.3734 -0.8180
vn 0.8951 -0.0942 0.4359
vn -0.4376 -0.3734 0.8180
vn 0.0857 -0.9229 -0.3754
vn -0.0857 0.9229 0.3754
usemtl None
s 1
f 33//25 34//25 36//25 35//25
f 35//26 36//26 40//26 39//26
f 39//27 40//27 38//27 37//27
f 37//28 38//28 34//28 33//28
f 35//29 39//29 37//29 33//29
f 40//30 36//30 34//30 38//30
